cats/img1.jpg 1 104 73 178 171
cats/img10.jpg 1 112 4 322 363
cats/img100.jpg 1 123 9 305 312
cats/img1000.jpg 1 86 41 291 424
cats/img1001.jpg 1 188 0 200 363
cats/img1002.jpg 1 271 18 574 601
cats/img1003.jpg 1 323 2 439 525
cats/img1004.jpg 1 227 272 277 412
cats/img1005.jpg 1 524 37 375 376
cats/img1006.jpg 1 78 75 328 217
cats/img1007.jpg 1 141 81 304 291
cats/img1008.jpg 1 97 98 274 180
cats/img1009.jpg 1 126 4 278 311
cats/img101.jpg 1 121 34 313 313
cats/img1010.jpg 1 107 28 246 342
cats/img1011.jpg 1 205 78 205 241
cats/img1012.jpg 1 188 78 354 599
cats/img1013.jpg 2 300 199 184 194 18 208 264 255
cats/img1014.jpg 1 117 46 209 261
cats/img1015.jpg 1 308 90 656 541
cats/img1016.jpg 1 233 8 607 587
cats/img1017.jpg 1 305 182 278 490
cats/img1018.jpg 1 68 10 306 351
cats/img1019.jpg 1 101 6 299 274
cats/img102.jpg 1 160 120 157 118
cats/img1020.jpg 1 299 247 459 304
cats/img1021.jpg 1 404 64 356 398
cats/img1022.jpg 1 408 98 433 475
cats/img1023.jpg 1 90 29 352 331
cats/img1024.jpg 1 195 100 588 455
cats/img1025.jpg 1 155 0 241 253
cats/img1026.jpg 1 36 11 438 426
cats/img1027.jpg 1 134 65 222 266
cats/img1028.jpg 1 5 15 339 343
cats/img1029.jpg 1 299 27 184 252
cats/img103.jpg 1 61 31 352 335
